160504
209420
222888
159981
214659
187903
178512
237215
242564
307612
228235
326168
223591
390882
215131
272110
226847
207287
336302
232004
235614
254536
235868
360970
375338
421044
383920
369974
176765
225155
394242
385204
399164
252543
267538
195758
179794
359460
335226
239193
343124
392784
218082
398736
183180
249149
217238
143454
189903
213073
398344
380178
372718
252170
127682
233357
211676
371922
198704
360120
345152
191137
188942
244876
381996
236097
193918
185977
387308
271753
372382
394004
390402
210097
201040
374630
215488
395018
217286
215519
363134
207348
397702
208478
197622
326594
189127
250077
199657
199917
397990
218023
393288
191336
197438
318138
258649
386712
259139
212709
389044
396104
189024
278661
223662
277083
389946
308850
385340
390940
189316
210953
372324
240232
277422
399908
248155
204912
186065
261327
253815
178503
189439
184208
215155
278558
192040
197377
216663
326904
384188
188003
398984
241982
366148
193113
180563
404798
197620
263049
271514
179506
323724
198951
196697
197547
266218
365270
244818
209161
410010
423836
214738
386992
357198
259336
438882
215654
357136
195161
266998
312266
211061
191309
193129
216264
403982
180622
244394
193156
266243
189892
258816
192128
213590
255427
196151
195201
391644
258835
441164
188943
391534
423820
199059
312452
302780
171003
315608
210244
236376
220336
188239
210077
277951
194630
423488
177296
221970
215525
441790
211128
272650
218079
215634
237444
386424
276602
351738
205500
185545
211677
399272
304296
188874
423332
273190
194509
200512
263110
404948
191245
186551
404750
194337
187777
375320
197293
214804
381942
221863
259159
234154
180602
263117
374176
217243
207763
188857
225067
214900
169052
189516
356380
418220
189500
198164
200189
424582
277498
186123
358130
182517
382022
235978
264063
197380
266367
195287
179165
192026
189556
311416
369958
177513
211010
360058
192826
171396
185659
218124
376628
207331
312956
404150
195430
383064
214719
267533
216677
183199
374196
275302
269029
190944
404970
210599
200956
238005
146690
242589
273561
440338
208926
197379
222104
215540
256353
209915
372730
186391
233012
278188
222901
195343
422744
187715
189698
395060
185244
216892
398436
422150
218543
180227
168971
391700
217739
436272
147230
185857
395002
200009
411948
259140
198501
393568
400514
193847
262149
180469
211120
326988
169243
409172
210081
177486
242188
193910
176943
193504
381926
180629
204795
186099
393424
399428
231113
259371
248760
180558
422522
308718
359814
194518
178865
420832
403000
388992
425476
395696
436246
390276
426524
170489
378230
398430
257559
330580
435546
418046
409642
395160
391612
409972
175693
368398
398644
329974
418236
176455
374882
328436
398452
388954
332752
204860
433960
378962
328100
386960
407068
394144
411556
375268
359442
311848
255305
244765
358374
187690
390858
412608
381588
387360
400952
343994
428090
319148
418986
435944
385438
411920
387326
387624
358002
335824
392494
397876
259765
367760
440538
414460
391508
361058
430494
407806
172456
429618
395576
430208
308220
337514
402364
383634
240128
426706
393992
439818
366968
400046
279342
370768
305494
422218
187745
325980
385106
400554
380858
173108
386358
374666
397878
405316
392454
310086
397842
362308
176676
273910
176606
396904
264948
439440
377634
170470
387318
407852
387366
174340
420282
398564
437366
387484
172258
173333
360248
418318
172668
426786
309012
379614
423828
435480
173165
418632
408234
186633
335870
416306
358516
355448
331206
396136
437436
380288
340912
424186
310566
412138
252925
300892
323726
327846
349608
352686
353462
354394
355430
357114
358226
361026
361746
362750
363050
367222
370194
384288
388944
390086
390830
391254
391932
392590
394092
396210
396268
397008
398030
399638
424864
434132
438876
